59 -45 -49 -65 -110 -66 -60 -45 -61 -51 34
166 -44 -50 -46 -103 -60 -54 -50 -51 -56 34
167 -40 -51 -54 -80 -68 -51 -50 -53 -54 46
66 -38 -58 -71 -102 -66 -34 -53 -49 -63 36
192 -49 -45 -75 -109 -59 -55 -58 -64 -48 37
4 -47 -51 -65 -108 -65 -62 -52 -61 -49 33
208 -53 -41 -77 -110 -54 -57 -54 -66 -52 37
222 -62 -43 -88 -110 -34 -69 -67 -66 -51 28
224 -54 -45 -82 -110 -44 -66 -58 -65 -60 14
234 -51 -50 -78 -110 -49 -60 -72 -65 -51 38
122 -52 -52 -63 -80 -72 -51 -56 -41 -62 41
128 -59 -67 -70 -85 -80 -54 -61 -57 -74 38
155 -63 -63 -70 -71 -87 -59 -67 -50 -52 48
76 -59 -58 -66 -76 -81 -55 -69 -48 -65 19
166 -36 -52 -50 -93 -58 -51 -57 -57 -52 32
207 -54 -44 -75 -102 -47 -67 -66 -65 -46 29
108 -47 -40 -65 -106 -52 -58 -45 -60 -49 36
110 -48 -48 -66 -101 -56 -54 -44 -53 -48 31
212 -53 -46 -93 -110 -56 -64 -52 -70 -58 26