Row F4:92:BF:5D:7C:63 F4:92:BF:5D:7C:8F F4:92:BF:5D:7C:70 F4:92:BF:5D:80:1C 48:27:E2:84:3C:ED 48:27:E2:84:3D:2D 48:27:E2:84:3D:41 48:27:E2:84:3D:01 48:27:E2:84:3C:F9 00:00:00:00:00:00 X Y
0 -47 -46 -68 -109 -62 -58 -53 -55 -50 37 0 0
1 -44 -50 -67 -107 -60 -60 -57 -60 -47 32 1 0
2 -48 -49 -63 -107 -63 -51 -56 -56 -48 35 2 0
3 -51 -48 -71 -106 -63 -70 -47 -52 -51 34 3 0
4 -45 -49 -66 -105 -62 -58 -57 -55 -49 34 4 0
5 -40 -43 -63 -109 -61 -53 -50 -66 -48 35 5 0
6 -46 -45 -67 -108 -59 -53 -54 -59 -52 42 6 0
7 -38 -48 -67 -109 -70 -51 -47 -63 -64 37 7 0
8 -34 -48 -69 -108 -59 -47 -45 -51 -50 32 8 0
9 -37 -44 -67 -108 -63 -50 -48 -54 -52 31 9 0
10 -34 -50 -74 -107 -74 -51 -45 -55 -51 31 10 0	
11 -29 -50 -60 -103 -63 -46 -45 -50 -54 35 11 0
12 -42 -54 -62 -105 -67 -53 -60 -51 -52 33 12 0	
13 -41 -59 -92 -110 -66 -49 -52 -47 -63 29 13 0
14 -46 -56 -69 -106 -65 -50 -49 -50 -55 27 14 0
15 -37 -56 -54 -96 -69 -44 -52 -44 -58 28 15 0
16 -40 -56 -58 -94 -73 -42 -51 -50 -62 33 16 0
17 -44 -62 -60 -94 -65 -40 -54 -52 -64 42 17 0
18 -47 -60 -64 -101 -68 -46 -55 -40 -63 45 18 0
19 -49 -55 -59 -96 -79 -51 -65 -43 -63 43 19 0	
20 -56 -60 -63 -95 -82 -57 -64 -46 -60 41 20 0
21 -55 -58 -58 -83 -75 -57 -62 -49 -61 35 21 0	
22 -52 -56 -66 -83 -76 -56 -64 -44 -63 39 22 0	
23 -56 -59 -68 -87 -81 -55 -73 -50 -60 31 23 0	
24 -61 -59 -74 -85 -81 -62 -61 -52 -64 22 24 0
25 -61 -64 -72 -85 -80 -61 -62 -53 -68 19 25 0	
26 -52 -40 -71 -110 -61 -62 -60 -59 -54 31 0 1
27 -49 -51 -66 -110 -68 -61 -61 -67 -48 24 1 1	
28 -52 -51 -69 -110 -69 -60 -60 -64 -62 24 2 1
29 -46 -48 -63 -104 -58 -59 -58 -58 -52 38 3 1
30 -48 -48 -62 -108 -52 -61 -49 -62 -51 30 4 1
31 -41 -42 -63 -104 -58 -62 -51 -53 -44 34 5 1
32 -43 -50 -71 -109 -68 -58 -49 -51 -56 51 6 1
33 -39 -45 -61 -110 -69 -63 -44 -61 -48 73 7 1
34 -38 -46 -75 -106 -67 -53 -48 -57 -51 37 8 1
35 -31 -51 -65 -106 -61 -49 -43 -59 -51 27 9 1
36 -29 -56 -60 -98 -73 -50 -42 -60 -51 28 10 1
37 -35 -55 -60 -101 -64 -57 -40 -51 -58 30 11 1
38 -33 -49 -64 -102 -60 -40 -45 -56 -55 30 12 1
39 -35 -56 -65 -103 -71 -50 -52 -56 -58 35 13 1
40 -38 -58 -57 -87 -70 -47 -52 -52 -54 35 14 1
41 -53 -61 -53 -87 -80 -50 -63 -45 -60 35 15 1
42 -47 -60 -60 -103 -75 -56 -57 -60 -68 77 16 1
43 -45 -58 -60 -91 -65 -38 -57 -45 -64 71 17 1
44 -50 -61 -59 -82 -66 -51 -57 -49 -62 42 18 1
45 -51 -67 -65 -82 -72 -50 -55 -46 -62 39 19 1
46 -52 -55 -63 -86 -80 -54 -65 -43 -63 34 20 1
47 -54 -60 -66 -79 -77 -56 -56 -54 -64 47 21 1
48 -55 -62 -64 -89 -73 -52 -63 -52 -66 8 22 1
49 -56 -63 -75 -80 -77 -59 -63 -52 -64 22 23 1
50 -64 -54 -66 -83 -82 -57 -69 -52 -68 24 24 1
51 -64 -63 -67 -77 -77 -56 -64 -59 -64 23 25 1
52 -53 -44 -64 -108 -64 -62 -51 -66 -52 30 0 2	
53 -48 -43 -62 -109 -61 -54 -55 -58 -42 20 1 2
54 -48 -40 -65 -109 -61 -56 -55 -59 -43 48 2 2
55 -48 -43 -62 -104 -70 -64 -63 -53 -43 21 3 2
56 -46 -45 -60 -102 -62 -63 -67 -60 -43 29 4 2
57 -46 -46 -60 -100 -62 -52 -56 -58 -41 33 5 2
58 -45 -49 -75 -106 -57 -57 -46 -62 -51 70 6 2
59 -44 -51 -76 -98 -57 -61 -47 -61 -47 71 7 2
60 -44 -52 -58 -107 -60 -51 -43 -69 -57 36 8 2
61 -34 -47 -55 -109 -65 -55 -8 -54 -57 30 9 2
62 -28 -47 -56 -105 -64 -47 -51 -65 -60 30 10 2
63 -37 -57 -60 -104 -60 -48 -41 -50 -60 33 11 2
64 -30 -60 -63 -95 -64 -49 -51 -58 -61 45 12 2
65 -43 -57 -58 -91 -72 -40 -54 -49 -68 31 13 2
66 -45 -52 -63 -102 -65 -36 -49 -51 -62 34 14 2
67 -49 -54 -56 -87 -68 -48 -51 -47 -68 36 15 2
68 -45 -59 -59 -87 -68 -46 -53 -59 -59 33 16 2
69 -51 -53 -54 -84 -63 -58 -53 -46 -61 32 17 2
70 -47 -62 -64 -100 -76 -57 -66 -41 -67 48 18 2
71 -52 -49 -64 -86 -71 -50 -58 -41 -65 38 19 2
72 -51 -53 -62 -82 -72 -53 -55 -52 -60 38 20 2
73 -54 -61 -57 -81 -74 -60 -54 -56 -65 37 21 2
74 -51 -54 -63 -89 -72 -52 -64 -46 -61 29 22 2
75 -58 -55 -66 -108 -75 -55 -63 -51 -74 28 23 2
76 -63 -65 -76 -92 -75 -63 -64 -53 -68 12 24 2
77 -56 -62 -71 -91 -81 -63 -75 -66 -73 36 25 2
78 -52 -34 -63 -110 -65 -57 -62 -57 -48 31 0 3	
79 -55 -43 -67 -100 -57 -65 -52 -53 -48 32 1 3
80 -46 -47 -61 -110 -59 -71 -49 -57 -43 32 2 3
81 -54 -42 -63 -106 -52 -67 -55 -55 -45 25 3 3
82 -46 -37 -63 -110 -57 -62 -51 -58 -41 30 4 3
83 -43 -49 -66 -110 -60 -52 -48 -56 -41 35 5 3
84 -46 -43 -57 -106 -54 -57 -52 -57 -43 27 6 3
85 -47 -46 -60 -109 -58 -68 -38 -58 -50 30 7 3
86 -39 -44 -64 -110 -63 -60 -43 -51 -46 36 8 3
87 -43 -46 -59 -108 -58 -49 -36 -51 -52 28 9 3
88 -36 -46 -57 -104 -59 -55 -39 -49 -58 31 10 3
89 -33 -52 -55 -94 -76 -45 -42 -54 -57 25 11 3
90 -39 -49 -57 -97 -63 -54 -49 -54 -47 41 12 3
91 -39 -54 -58 -101 -63 -42 -50 -50 -58 35 13 3
92 -39 -53 -56 -94 -65 -43 -58 -45 -53 36 14 3
93 -49 -54 -63 -86 -60 -44 -52 -48 -63 38 15 3
94 -47 -54 -58 -98 -61 -37 -57 -45 -57 37 16 3
95 -50 -54 -60 -91 -67 -49 -52 -53 -59 36 17 3
96 -50 -50 -60 -89 -68 -52 -55 -46 -68 38 18 3
97 -51 -52 -59 -89 -72 -52 -57 -43 -61 39 19 3
98 -51 -52 -61 -78 -73 -62 -57 -52 -64 38 20 3
99 -56 -52 -57 -85 -74 -55 -54 -53 -61 37 21 3
100 -52 -64 -65 -86 -75 -61 -62 -45 -58 35 22 3
101 -63 -62 -60 -90 -83 -57 -67 -50 -60 34 23 3
102 -56 -61 -69 -77 -81 -60 -61 -63 -62 10 24 3
103 -61 -61 -70 -76 -72 -59 -55 -48 -64 24 25 3
104 -51 -37 -73 -110 -59 -59 -59 -57 -51 43 0 4	
105 -47 -48 -69 -106 -55 -73 -58 -65 -53 35 1 4
106 -46 -52 -66 -98 -59 -55 -65 -65 -29 45 2 4
107 -54 -39 -60 -109 -54 -64 -49 -70 -45 27 3 4
108 -47 -34 -56 -110 -54 -61 -51 -56 -43 37 4 4
109 -41 -48 -63 -108 -58 -56 -54 -51 -51 38 5 4
110 -41 -52 -64 -96 -55 -54 -58 -58 -53 29 6 4
111 -39 -49 -65 -97 -54 -58 -43 -55 -49 28 7 4
112 -44 -43 -55 -103 -56 -47 -50 -50 -51 31 8 4
113 -47 -52 -64 -94 -60 -43 -51 -61 -50 34 9 4
114 -36 -51 -54 -86 -58 -49 -44 -52 -54 32 10 4
115 -35 -46 -59 -96 -67 -49 -41 -62 -49 34 11 4
116 -40 -47 -57 -93 -74 -44 -41 -49 -50 36 12 4
117 -33 -50 -68 -95 -66 -49 -51 -49 -52 37 13 4
118 -46 -53 -60 -99 -63 -39 -43 -46 -59 40 14 4
119 -49 -53 -55 -91 -64 -48 -63 -43 -57 44 15 4
120 -37 -49 -59 -90 -69 -48 -48 -40 -57 42 16 4
121 -42 -55 -56 -84 -67 -41 -53 -41 -56 40 17 4
122 -53 -56 -65 -87 -71 -41 -57 -41 -61 40 18 4
123 -46 -60 -56 -82 -68 -52 -55 -41 -63 38 19 4
124 -53 -56 -64 -87 -78 -49 -52 -56 -56 39 20 4
125 -63 -64 -60 -85 -73 -55 -55 -47 -59 40 21 4
126 -55 -64 -63 -89 -76 -52 -61 -50 -70 53 22 4
127 -60 -67 -67 -84 -77 -56 -65 -51 -65 20 23 4
128 -56 -65 -69 -72 -74 -59 -60 -49 -70 34 24 4
129 -56 -64 -65 -73 -82 -57 -63 -51 -63 29 25 4
130 -49 -33 -75 -110 -53 -52 -53 -63 -50 59 0 5	
131 -57 -36 -65 -108 -56 -72 -54 -54 -39 42 1 5
132 -45 -41 -66 -99 -57 -54 -53 -59 -39 38 2 5
133 -53 -38 -68 -103 -60 -58 -50 -60 -44 37 3 5
134 -47 -42 -64 -100 -59 -55 -50 -58 -37 41 4 5
135 -40 -47 -68 -104 -62 -51 -53 -73 -48 41 5 5
136 -45 -41 -64 -103 -51 -54 -52 -56 -48 29 6 5
137 -49 -49 -63 -98 -59 -52 -52 -64 -49 29 7 5
138 -34 -49 -59 -109 -63 -46 -44 -55 -53 29 8 5
139 -44 -47 -60 -102 -58 -52 -47 -55 -54 28 9 5
140 -35 -57 -57 -90 -66 -51 -51 -63 -55 31 10 5
141 -44 -47 -59 -93 -60 -44 -44 -55 -48 36 11 5
142 -39 -51 -58 -98 -74 -50 -40 -51 -50 38 12 5
143 -45 -48 -65 -96 -66 -45 -48 -53 -63 33 13 5
144 -50 -48 -61 -93 -69 -42 -46 -57 -62 36 14 5
145 -46 -56 -56 -89 -69 -38 -51 -39 -60 58 15 5
146 -46 -59 -56 -87 -78 -40 -59 -44 -65 54 16 5
147 -50 -56 -50 -91 -78 -51 -52 -43 -54 44 17 5
148 -45 -58 -57 -90 -80 -49 -54 -33 -65 35 18 5
149 -51 -56 -59 -83 -73 -52 -58 -39 -62 39 19 5
150 -51 -61 -56 -94 -76 -48 -58 -55 -58 36 20 5
151 -54 -58 -59 -79 -86 -50 -59 -46 -64 31 21 5
152 -57 -58 -66 -91 -75 -54 -63 -45 -60 32 22 5
153 -54 -65 -65 -89 -76 -62 -55 -48 -52 32 23 5
154 -58 -67 -73 -76 -81 -63 -65 -55 -61 33 24 5
155 -66 -67 -67 -73 -78 -56 -58 -56 -54 54 25 5
156 -54 -34 -77 -109 -55 -60 -66 -65 -55 67 0 6	
157 -54 -33 -68 -103 -56 -63 -47 -63 -51 61 1 6
158 -52 -43 -73 -106 -64 -58 -59 -62 -51 127 2 6
159 -52 -42 -65 -102 -55 -59 -55 -64 -50 49 3 6
160 -52 -40 -72 -98 -52 -59 -52 -61 -50 47 4 6
161 -46 -45 -62 -106 -54 -50 -51 -65 -58 53 5 6
162 -45 -52 -66 -109 -55 -53 -51 -56 -45 32 6 6
163 -46 -51 -57 -106 -60 -52 -44 -57 -54 41 7 6
164 -43 -46 -59 -109 -61 -52 -45 -57 -49 35 8 6
165 -48 -49 -54 -92 -60 -49 -46 -63 -52 29 9 6
166 -43 -48 -54 -93 -63 -52 -46 -52 -67 32 10 6
167 -38 -57 -56 -103 -65 -48 -46 -53 -58 46 11 6
168 -47 -60 -56 -87 -83 -51 -49 -48 -73 63 16 6
169 -44 -64 -46 -77 -71 -48 -53 -49 -70 57 17 6
170 -57 -55 -65 -91 -70 -53 -57 -32 -64 48 20 6
171 -46 -60 -61 -88 -76 -57 -68 -51 -66 33 21 6
172 -59 -70 -64 -71 -84 -62 -66 -60 -78 74 25 6
173 -53 -37 -83 -107 -58 -61 -64 -73 -53 62 0 7
174 -51 -40 -101 -110 -54 -65 -66 -66 -53 53 1 7
175 -54 -35 -78 -105 -59 -60 -61 -69 -49 37 2 7
176 -54 -43 -75 -108 -50 -55 -59 -65 -45 35 3 7
177 -55 -47 -70 -110 -54 -65 -55 -62 -51 44 4 7
178 -49 -51 -70 -108 -47 -51 -51 -61 -58 50 5 7
179 -46 -46 -60 -108 -61 -60 -53 -61 -56 32 6 7
180 -47 -46 -67 -109 -54 -60 -49 -62 -52 33 7 7
181 -46 -44 -63 -106 -63 -55 -49 -62 -54 30 8 7
182 -46 -55 -58 -101 -75 -49 -51 -59 -51 34 9 7
183 -42 -50 -54 -77 -77 -52 -41 -57 -52 36 10 7
184 -41 -47 -50 -110 -73 -56 -50 -57 -60 13 11 7
185 -54 -66 -50 -79 -83 -52 -64 -50 -62 53 16 7
186 -49 -66 -48 -83 -75 -53 -53 -49 -66 54 17 7
187 -56 -64 -62 -84 -75 -63 -64 -45 -70 69 20 7
188 -54 -73 -66 -95 -79 -52 -63 -50 -67 40 21 7
189 -67 -87 -66 -76 -86 -64 -68 -63 -79 60 25 7
190 -60 -31 -78 -105 -52 -65 -61 -64 -44 52 0 8
191 -49 -32 -85 -106 -61 -69 -57 -61 -42 41 1 8
192 -52 -31 -79 -105 -52 -62 -61 -78 -50 29 2 8
193 -50 -44 -73 -110 -57 -63 -59 -72 -51 24 3 8
194 -49 -45 -71 -107 -60 -58 -60 -57 -48 34 4 8
195 -47 -43 -73 -107 -51 -50 -58 -60 -53 31 5 8
196 -51 -46 -68 -105 -65 -55 -59 -59 -62 22 6 8
197 -41 -48 -66 -109 -64 -50 -53 -54 -60 21 7 8
198 -44 -50 -64 -108 -75 -54 -63 -60 -54 20 8 8
199 -51 -58 -60 -102 -74 -58 -62 -67 -61 27 9 8
200 -46 -49 -50 -97 -72 -53 -56 -58 -55 47 10 8
201 -35 -56 -47 -81 -66 -53 -51 -69 -61 36 11 8
202 -59 -65 -49 -74 -79 -50 -66 -48 -72 42 16 8
203 -52 -59 -49 -85 -80 -48 -63 -56 -66 45 17 8
204 -64 -65 -55 -83 -84 -54 -65 -48 -66 65 20 8
205 -59 -66 -56 -78 -85 -56 -66 -56 -69 46 21 8
206 -65 -84 -67 -73 -88 -65 -80 -59 -75 42 25 8
207 -54 -45 -79 -104 -46 -62 -54 -71 -48 26 5 9
208 -56 -36 -74 -109 -46 -66 -57 -64 -62 63 0 10
209 -56 -33 -81 -110 -47 -64 -59 -62 -57 41 1 10
210 -53 -36 -82 -109 -49 -54 -58 -66 -50 39 2 10
211 -56 -47 -71 -108 -42 -65 -60 -65 -50 33 3 10
212 -46 -46 -76 -110 -45 -67 -61 -66 -53 28 4 10
213 -58 -49 -81 -109 -42 -61 -55 -62 -54 31 5 10
214 -54 -43 -69 -105 -54 -61 -60 -65 -51 41 0 11
215 -55 -45 -80 -110 -49 -57 -62 -60 -50 36 1 11
216 -62 -48 -81 -110 -42 -62 -65 -66 -56 32 2 11
217 -54 -44 -75 -110 -36 -65 -58 -67 -65 25 3 11
218 -59 -48 -72 -109 -45 -63 -55 -62 -61 18 4 11
219 -52 -47 -83 -107 -59 -65 -63 -63 -62 27 5 11
220 -55 -40 -72 -105 -48 -59 -65 -72 -58 38 0 12
221 -55 -49 -76 -110 -45 -67 -68 -69 -52 41 1 12
222 -58 -42 -76 -110 -24 -73 -64 -70 -54 27 2 12
223 -57 -44 -90 -109 -41 -73 -68 -71 -58 26 3 12
224 -61 -44 -82 -109 -40 -59 -66 -77 -56 15 4 12
225 -57 -45 -82 -110 -54 -72 -64 -65 -52 28 5 12
226 -55 -58 -78 -106 -46 -74 -62 -66 -59 40 0 13
227 -56 -39 -78 -110 -51 -70 -61 -65 -52 48 1 13
228 -56 -46 -77 -110 -43 -71 -61 -76 -55 38 2 13
229 -58 -47 -78 -108 -37 -60 -70 -65 -52 19 3 13
230 -57 -46 -88 -110 -42 -65 -60 -70 -63 18 4 13
231 -53 -44 -79 -110 -50 -67 -61 -70 -49 32 5 13
232 -58 -51 -74 -110 -48 -63 -62 -62 -54 34 0 14
233 -58 -45 -80 -110 -44 -64 -59 -62 -54 42 1 14
234 -54 -46 -77 -107 -50 -62 -67 -72 -57 37 2 14
235 -56 -49 -73 -100 -39 -66 -68 -67 -55 21 3 14
236 -58 -51 -76 -103 -55 -65 -64 -70 -59 24 4 14
237 -54 -47 -73 -108 -47 -77 -67 -73 -61 28 5 14
238 -49 -53 -73 -99 -47 -63 -56 -61 -65 20 0 15
239 -57 -43 -76 -99 -46 -59 -60 -73 -53 26 1 15
240 -55 -46 -77 -99 -47 -64 -57 -67 -49 27 2 15
241 -58 -50 -78 -110 -40 -63 -68 -68 -63 36 3 15
242 -55 -50 -77 -107 -46 -78 -63 -64 -65 37 4 15
243 -60 -49 -69 -106 -64 -64 -63 -72 -50 31 5 15
0 -48 -44 -60 -110 -64 -57 -66 -58 -44 37 0 0
1 -48 -43 -66 -110 -60 -72 -56 -56 -49 34 1 0
2 -45 -44 -63 -110 -58 -67 -50 -56 -42 30 2 0
3 -44 -51 -59 -110 -52 -56 -44 -68 -56 37 3 0
4 -45 -44 -69 -105 -69 -58 -57 -60 -43 33 4 0
5 -47 -48 -69 -106 -61 -51 -54 -62 -46 36 5 0
6 -46 -47 -64 -104 -60 -57 -49 -57 -52 41 6 0
7 -37 -53 -55 -102 -57 -52 -45 -70 -50 29 7 0
8 -35 -47 -63 -100 -67 -51 -48 -55 -50 32 8 0
9 -30 -59 -59 -101 -75 -61 -43 -53 -59 27 9 0
10 -33 -53 -57 -97 -68 -52 -46 -55 -54 31 10 0
11 -36 -52 -75 -98 -63 -50 -52 -66 -52 34 11 0
12 -36 -52 -59 -96 -62 -54 -61 -46 -55 35 12 0
13 -40 -53 -63 -99 -62 -48 -42 -63 -55 29 13 0
14 -47 -56 -58 -92 -68 -52 -60 -52 -53 27 14 0
15 -42 -56 -62 -90 -78 -43 -51 -53 -65 29 15 0
16 -51 -54 -58 -88 -70 -48 -49 -51 -56 36 16 0
17 -44 -63 -64 -94 -68 -41 -62 -62 -65 44 17 0
18 -47 -56 -63 -91 -72 -51 -52 -41 -68 46 18 0
19 -54 -58 -64 -90 -69 -50 -63 -64 -73 45 19 0
20 -49 -61 -67 -90 -69 -55 -59 -55 -63 43 20 0
21 -55 -64 -59 -83 -73 -58 -58 -44 -60 33 21 0
22 -60 -64 -68 -81 -73 -59 -62 -49 -70 50 22 0
23 -60 -67 -61 -89 -79 -60 -58 -54 -70 34 23 0
24 -62 -73 -65 -79 -84 -53 -57 -48 -67 30 24 0
25 -57 -62 -70 -80 -73 -62 -65 -53 -69 22 25 0
26 -56 -46 -66 -108 -66 -60 -62 -65 -48 31 0 1
27 -59 -47 -68 -110 -61 -60 -53 -60 -49 66 1 1
28 -54 -46 -69 -106 -57 -60 -65 -68 -46 47 2 1
29 -50 -55 -67 -106 -68 -69 -65 -58 -48 42 3 1
30 -51 -39 -67 -107 -62 -65 -46 -52 -50 28 4 1
31 -42 -48 -64 -102 -55 -56 -51 -67 -46 35 5 1
32 -49 -45 -66 -108 -61 -58 -57 -63 -51 72 6 1
33 -47 -53 -70 -110 -64 -53 -55 -55 -49 81 7 1
34 -44 -50 -60 -106 -62 -52 -41 -57 -52 42 8 1
35 -37 -55 -54 -102 -61 -45 -50 -50 -49 30 9 1
36 -27 -54 -57 -99 -65 -52 -37 -62 -62 29 10 1
37 -35 -47 -58 -94 -63 -43 -46 -53 -51 31 11 1
38 -37 -55 -72 -104 -68 -56 -49 -52 -64 43 12 1
39 -39 -52 -58 -98 -70 -44 -51 -47 -65 30 13 1
40 -44 -55 -64 -98 -66 -45 -58 -54 -62 33 14 1
41 -47 -60 -59 -92 -67 -41 -58 -45 -60 35 15 1
42 -43 -57 -61 -92 -72 -44 -56 -50 -63 86 16 1
43 -48 -56 -68 -91 -76 -46 -54 -59 -55 144 17 1
44 -58 -59 -65 -83 -76 -52 -56 -42 -66 40 18 1
45 -58 -59 -57 -85 -69 -45 -51 -47 -58 40 19 1
46 -51 -55 -63 -85 -72 -57 -55 -53 -62 35 20 1
47 -51 -59 -60 -80 -77 -50 -64 -45 -71 46 21 1
48 -50 -61 -64 -90 -77 -52 -59 -50 -74 13 22 1
49 -55 -62 -68 -95 -71 -62 -59 -45 -68 22 23 1
50 -59 -62 -67 -78 -84 -60 -63 -52 -62 16 24 1
51 -67 -63 -61 -87 -75 -60 -61 -54 -65 20 25 1
52 -55 -38 -73 -103 -62 -65 -72 -60 -48 32 0 2
53 -54 -47 -63 -105 -57 -59 -56 -53 -47 19 1 2
54 -54 -36 -67 -105 -59 -61 -57 -63 -41 61 2 2
55 -47 -46 -60 -102 -59 -54 -55 -60 -50 19 3 2
56 -52 -44 -62 -96 -61 -57 -50 -59 -42 30 4 2
57 -52 -43 -61 -100 -56 -62 -54 -61 -40 34 5 2
58 -40 -50 -52 -103 -59 -62 -59 -55 -42 7 6 2
59 -52 -52 -70 -104 -59 -62 -50 -58 -54 83 7 2
60 -43 -50 -66 -107 -64 -50 -42 -55 -48 39 8 2
61 -31 -51 -54 -106 -57 -45 -30 -54 -51 28 9 2
62 -30 -48 -54 -98 -55 -46 -39 -54 -52 31 10 2
63 -37 -50 -61 -99 -70 -56 -46 -53 -56 35 11 2
64 -36 -58 -59 -102 -81 -43 -65 -50 -60 40 12 2
65 -36 -62 -65 -106 -73 -43 -60 -54 -62 34 13 2
66 -44 -53 -54 -97 -67 -41 -46 -66 -55 38 14 2
67 -49 -56 -58 -92 -74 -44 -52 -51 -58 37 15 2
68 -50 -56 -57 -105 -69 -46 -51 -46 -63 33 16 2
69 -43 -59 -54 -100 -70 -49 -55 -52 -60 67 17 2
70 -56 -61 -61 -102 -73 -49 -50 -39 -63 34 18 2
71 -50 -56 -58 -96 -65 -50 -57 -43 -58 41 19 2
72 -50 -55 -62 -82 -74 -56 -58 -49 -64 39 20 2
73 -63 -54 -57 -88 -72 -52 -58 -48 -65 37 21 2
74 -58 -65 -68 -84 -81 -51 -63 -47 -62 30 22 2
75 -51 -64 -59 -90 -71 -56 -62 -53 -62 31 23 2
76 -57 -63 -73 -85 -78 -55 -62 -67 -63 17 24 2
77 -59 -61 -66 -83 -89 -54 -61 -58 -77 39 25 2
78 -46 -35 -66 -104 -63 -64 -49 -63 -43 34 0 3
79 -52 -40 -68 -108 -61 -62 -62 -67 -43 32 1 3
80 -47 -47 -62 -107 -57 -63 -61 -67 -44 32 2 3
81 -55 -47 -66 -103 -53 -56 -52 -62 -41 26 3 3
82 -45 -44 -68 -101 -53 -55 -52 -62 -43 32 4 3
83 -43 -47 -63 -102 -61 -60 -44 -70 -46 36 5 3
84 -47 -46 -60 -104 -52 -53 -49 -62 -48 27 6 3
85 -44 -46 -61 -99 -60 -56 -49 -60 -56 31 7 3
86 -39 -44 -68 -103 -60 -66 -45 -67 -46 37 8 3
87 -34 -46 -58 -105 -56 -56 -33 -52 -49 32 9 3
88 -37 -48 -56 -97 -57 -57 -60 -52 -56 33 10 3
89 -35 -48 -55 -93 -74 -48 -42 -60 -48 29 11 3
90 -38 -55 -63 -99 -63 -40 -49 -59 -49 40 12 3
91 -42 -55 -68 -98 -65 -45 -55 -55 -52 38 13 3
92 -36 -56 -53 -100 -63 -41 -50 -46 -61 38 14 3
93 -44 -56 -63 -100 -64 -39 -49 -48 -64 40 15 3
94 -47 -51 -56 -88 -66 -46 -56 -46 -58 39 16 3
95 -51 -50 -55 -94 -70 -47 -57 -49 -60 38 17 3
96 -49 -59 -55 -90 -74 -71 -54 -45 -64 40 18 3
97 -53 -53 -60 -90 -70 -49 -57 -47 -71 40 19 3
98 -56 -54 -59 -86 -75 -55 -59 -46 -63 40 20 3
99 -53 -57 -64 -86 -79 -62 -56 -52 -59 37 21 3
100 -54 -59 -63 -100 -79 -54 -58 -46 -60 36 22 3
101 -58 -56 -69 -92 -71 -54 -62 -51 -58 33 23 3
102 -59 -59 -69 -77 -80 -63 -65 -60 -58 11 24 3
103 -55 -57 -71 -80 -72 -56 -59 -49 -64 27 25 3
104 -47 -35 -91 -108 -56 -53 -56 -69 -42 44 0 4
105 -54 -40 -69 -107 -67 -63 -68 -56 -34 35 1 4
106 -49 -47 -63 -108 -71 -62 -49 -73 -8 53 2 4
107 -49 -35 -64 -109 -64 -57 -52 -53 -42 27 3 4
108 -47 -38 -61 -106 -56 -52 -53 -56 -45 37 4 4
109 -50 -42 -66 -103 -68 -56 -48 -64 -48 39 5 4
110 -46 -49 -68 -103 -60 -54 -51 -59 -52 30 6 4
111 -44 -49 -58 -107 -76 -50 -55 -57 -58 29 7 4
112 -45 -51 -63 -107 -57 -48 -51 -57 -52 31 8 4
113 -43 -49 -59 -95 -58 -66 -53 -51 -62 32 9 4
114 -36 -49 -58 -104 -61 -43 -43 -51 -56 33 10 4
115 -34 -54 -56 -90 -64 -48 -51 -50 -57 33 11 4
116 -46 -54 -59 -106 -65 -47 -63 -50 -54 38 12 4
117 -35 -63 -61 -109 -70 -44 -50 -49 -51 38 13 4
118 -50 -56 -59 -101 -67 -43 -45 -43 -64 40 14 4
119 -45 -55 -56 -86 -78 -41 -59 -42 -55 44 15 4
120 -43 -54 -58 -85 -64 -44 -51 -43 -63 43 16 4
121 -44 -53 -57 -80 -68 -47 -56 -39 -63 40 17 4
122 -46 -57 -64 -87 -69 -44 -53 -39 -64 41 18 4
123 -43 -61 -53 -86 -72 -48 -62 -39 -58 39 19 4
124 -50 -62 -63 -79 -73 -51 -55 -46 -63 41 20 4
125 -52 -62 -58 -81 -77 -51 -56 -43 -57 41 21 4
126 -52 -67 -64 -87 -71 -61 -70 -47 -65 63 22 4
127 -58 -61 -67 -88 -80 -54 -65 -51 -68 21 23 4
128 -56 -64 -70 -75 -86 -70 -61 -49 -77 37 24 4
129 -58 -65 -66 -74 -81 -57 -66 -55 -69 37 25 4
130 -48 -37 -65 -110 -61 -60 -50 -54 -49 61 0 5
131 -50 -33 -71 -108 -63 -54 -57 -60 -47 43 1 5
132 -50 -35 -69 -110 -56 -59 -50 -58 -43 40 2 5
133 -47 -44 -69 -109 -63 -54 -61 -69 -47 37 3 5
134 -49 -36 -74 -109 -63 -55 -56 -56 -38 42 4 5
135 -45 -44 -62 -108 -54 -54 -52 -55 -58 43 5 5
136 -41 -55 -62 -110 -63 -54 -61 -61 -50 31 6 5
137 -43 -43 -66 -108 -70 -56 -48 -49 -54 31 7 5
138 -37 -48 -60 -109 -55 -48 -59 -59 -56 29 8 5
139 -45 -54 -56 -89 -62 -52 -45 -57 -55 29 9 5
140 -36 -52 -55 -83 -66 -48 -51 -56 -52 32 10 5
141 -43 -49 -63 -97 -65 -49 -50 -52 -54 37 11 5
142 -39 -45 -57 -101 -67 -54 -42 -55 -59 40 12 5
143 -41 -55 -61 -102 -75 -52 -45 -50 -55 34 13 5
144 -49 -55 -59 -94 -65 -48 -43 -48 -57 39 14 5
145 -54 -52 -60 -87 -66 -37 -51 -47 -64 59 15 5
146 -46 -62 -57 -79 -79 -47 -62 -42 -59 55 16 5
147 -50 -57 -50 -86 -71 -54 -59 -44 -52 45 17 5
148 -46 -61 -58 -89 -77 -47 -51 -36 -63 36 18 5
149 -52 -58 -57 -85 -68 -54 -63 -42 -59 40 19 5
150 -53 -61 -56 -87 -77 -50 -61 -49 -57 38 20 5
151 -47 -61 -60 -87 -75 -55 -61 -45 -60 33 21 5
152 -53 -66 -68 -93 -79 -58 -59 -48 -55 33 22 5
153 -55 -64 -70 -90 -81 -58 -61 -43 -53 32 23 5
154 -59 -65 -67 -77 -76 -64 -62 -56 -57 33 24 5
155 -56 -69 -66 -87 -80 -54 -60 -54 -54 53 25 5
156 -56 -35 -68 -107 -51 -58 -57 -60 -49 69 0 6
157 -53 -30 -81 -109 -62 -59 -63 -64 -54 43 1 6
158 -56 -39 -71 -110 -56 -57 -63 -63 -40 67 2 6
159 -51 -43 -66 -110 -64 -59 -52 -62 -50 54 3 6
160 -53 -49 -68 -104 -61 -67 -52 -64 -52 44 4 6
161 -51 -46 -73 -108 -59 -59 -66 -58 -44 51 5 6
162 -46 -49 -63 -107 -61 -52 -55 -57 -45 32 6 6
163 -44 -48 -71 -110 -56 -51 -48 -60 -46 40 7 6
164 -48 -48 -58 -110 -72 -53 -45 -57 -53 35 8 6
165 -43 -47 -60 -110 -61 -49 -50 -57 -52 30 9 6
166 -43 -52 -56 -110 -68 -51 -47 -57 -61 33 10 6
167 -42 -47 -55 -100 -65 -47 -43 -51 -49 44 11 6
168 -53 -61 -52 -82 -82 -45 -53 -47 -63 68 16 6
169 -47 -58 -46 -85 -73 -45 -52 -43 -70 57 17 6
170 -55 -66 -64 -93 -81 -50 -53 -56 -69 75 20 6
171 -48 -62 -65 -88 -80 -51 -60 -41 -67 33 21 6
172 -60 -66 -66 -72 -82 -66 -66 -59 -69 77 25 6
173 -52 -41 -89 -110 -66 -60 -63 -68 -59 64 0 7
174 -50 -36 -94 -110 -56 -67 -71 -65 -47 51 1 7
175 -52 -37 -75 -109 -57 -65 -62 -71 -47 32 2 7
176 -49 -45 -68 -110 -57 -60 -62 -59 -51 37 3 7
177 -55 -43 -65 -107 -58 -63 -60 -62 -53 44 4 7
178 -49 -44 -61 -108 -51 -51 -52 -54 -53 50 5 7
179 -46 -44 -64 -108 -56 -62 -49 -67 -53 31 6 7
180 -46 -48 -62 -108 -65 -53 -50 -60 -47 32 7 7
181 -48 -44 -60 -109 -64 -60 -48 -61 -54 31 8 7
182 -45 -48 -66 -110 -69 -51 -47 -59 -50 35 9 7
183 -44 -56 -61 -84 -67 -55 -51 -55 -55 34 10 7
184 -44 -46 -54 -76 -79 -60 -54 -67 -56 16 11 7
185 -62 -66 -48 -79 -72 -47 -57 -55 -63 54 16 7
186 -52 -64 -46 -82 -75 -55 -53 -52 -65 54 17 7
187 -57 -65 -68 -85 -79 -56 -63 -43 -68 52 20 7
188 -53 -68 -61 -87 -75 -57 -63 -50 -64 42 21 7
189 -66 -68 -68 -68 -88 -60 -65 -60 -78 73 25 7
190 -51 -30 -66 -105 -51 -58 -55 -66 -47 46 0 8
191 -55 -28 -93 -110 -48 -61 -62 -65 -43 42 1 8
192 -50 -37 -72 -109 -56 -57 -65 -63 -50 29 2 8
193 -58 -42 -71 -107 -59 -56 -58 -60 -50 24 3 8
194 -52 -40 -88 -108 -56 -59 -64 -60 -50 34 4 8
195 -45 -40 -96 -109 -48 -49 -56 -60 -50 33 5 8
196 -43 -50 -78 -109 -67 -58 -50 -61 -50 25 6 8
197 -45 -48 -71 -108 -71 -49 -51 -53 -55 30 7 8
198 -45 -58 -65 -103 -62 -55 -50 -70 -55 25 8 8
199 -46 -49 -59 -97 -64 -53 -48 -69 -51 33 9 8
200 -46 -51 -58 -102 -70 -55 -48 -59 -64 46 10 8
201 -35 -54 -49 -75 -64 -56 -46 -65 -53 37 11 8
202 -55 -65 -51 -78 -73 -53 -56 -44 -70 42 16 8
203 -50 -62 -44 -75 -74 -66 -57 -51 -68 44 17 8
204 -57 -73 -50 -76 -88 -57 -62 -53 -69 89 20 8
205 -58 -75 -55 -71 -86 -61 -63 -50 -68 47 21 8
206 -69 -75 -56 -64 -85 -71 -74 -65 -77 43 25 8
207 -53 -48 -65 -104 -50 -59 -58 -63 -50 27 5 9
208 -56 -40 -83 -107 -50 -64 -59 -71 -61 63 0 10
209 -60 -28 -85 -108 -45 -59 -63 -70 -51 41 1 10
210 -54 -38 -95 -110 -51 -58 -55 -72 -51 39 2 10
211 -55 -46 -80 -109 -42 -64 -60 -69 -54 34 3 10
212 -48 -42 -81 -108 -52 -66 -56 -66 -51 27 4 10
213 -59 -49 -80 -109 -51 -56 -64 -63 -50 30 5 10
214 -55 -41 -73 -109 -43 -65 -66 -75 -55 46 0 11
215 -57 -39 -85 -109 -44 -66 -62 -63 -52 37 1 11
216 -61 -40 -109 -110 -53 -58 -76 -65 -63 33 2 11
217 -54 -37 -74 -109 -41 -62 -66 -69 -56 24 3 11
218 -60 -53 -83 -109 -52 -63 -59 -60 -52 21 4 11
219 -56 -42 -91 -109 -51 -64 -59 -65 -52 25 5 11
220 -56 -41 -71 -105 -47 -59 -63 -75 -53 40 0 12
221 -55 -52 -81 -109 -47 -72 -63 -67 -49 43 1 12
222 -58 -41 -96 -110 -34 -69 -59 -65 -56 27 2 12
223 -56 -47 -79 -110 -27 -65 -59 -72 -55 27 3 12
224 -57 -43 -76 -110 -40 -62 -63 -77 -55 15 4 12
225 -60 -50 -84 -110 -45 -73 -61 -71 -60 27 5 12
226 -58 -41 -77 -110 -45 -65 -61 -64 -53 40 0 13
227 -51 -41 -74 -104 -55 -65 -62 -74 -58 51 1 13
228 -56 -43 -75 -110 -42 -64 -63 -62 -59 41 2 13
229 -52 -46 -82 -110 -40 -68 -65 -65 -51 20 3 13
230 -59 -48 -77 -110 -41 -68 -65 -66 -53 21 4 13
231 -57 -46 -75 -110 -48 -66 -73 -70 -52 32 5 13
232 -60 -52 -73 -109 -47 -62 -73 -66 -58 32 0 14
233 -58 -43 -80 -110 -48 -57 -74 -63 -56 42 1 14
234 -54 -48 -92 -110 -52 -61 -61 -63 -53 39 2 14
235 -59 -46 -88 -107 -38 -62 -65 -67 -52 24 3 14
236 -60 -46 -76 -110 -50 -63 -65 -75 -61 25 4 14
237 -56 -52 -86 -110 -51 -69 -64 -66 -55 27 5 14
238 -59 -51 -72 -106 -41 -59 -55 -65 -53 16 0 15
239 -55 -47 -79 -103 -52 -68 -61 -66 -64 27 1 15
240 -56 -51 -80 -107 -42 -64 -62 -73 -52 28 2 15
241 -53 -44 -89 -109 -48 -62 -68 -79 -52 38 3 15
242 -59 -53 -81 -108 -47 -63 -61 -71 -56 39 4 15
243 -62 -52 -76 -107 -54 -66 -61 -61 -61 32 5 15