Row F4:92:BF:5D:7C:63 F4:92:BF:5D:7C:8F F4:92:BF:5D:7C:70 F4:92:BF:5D:80:1C 48:27:E2:84:3C:ED 48:27:E2:84:3D:2D 48:27:E2:84:3D:41 48:27:E2:84:3D:01 48:27:E2:84:3C:F9 00:00:00:00:00:00 X Y
0 -48 -44 -60 -110 -64 -57 -66 -58 -44 37 0 0
1 -48 -43 -66 -110 -60 -72 -56 -56 -49 34 1 0
2 -45 -44 -63 -110 -58 -67 -50 -56 -42 30 2 0
3 -44 -51 -59 -110 -52 -56 -44 -68 -56 37 3 0
4 -45 -44 -69 -105 -69 -58 -57 -60 -43 33 4 0
5 -47 -48 -69 -106 -61 -51 -54 -62 -46 36 5 0
6 -46 -47 -64 -104 -60 -57 -49 -57 -52 41 6 0
7 -37 -53 -55 -102 -57 -52 -45 -70 -50 29 7 0
8 -35 -47 -63 -100 -67 -51 -48 -55 -50 32 8 0
9 -30 -59 -59 -101 -75 -61 -43 -53 -59 27 9 0
10 -33 -53 -57 -97 -68 -52 -46 -55 -54 31 10 0
11 -36 -52 -75 -98 -63 -50 -52 -66 -52 34 11 0
12 -36 -52 -59 -96 -62 -54 -61 -46 -55 35 12 0
13 -40 -53 -63 -99 -62 -48 -42 -63 -55 29 13 0
14 -47 -56 -58 -92 -68 -52 -60 -52 -53 27 14 0
15 -42 -56 -62 -90 -78 -43 -51 -53 -65 29 15 0
16 -51 -54 -58 -88 -70 -48 -49 -51 -56 36 16 0
17 -44 -63 -64 -94 -68 -41 -62 -62 -65 44 17 0
18 -47 -56 -63 -91 -72 -51 -52 -41 -68 46 18 0
19 -54 -58 -64 -90 -69 -50 -63 -64 -73 45 19 0
20 -49 -61 -67 -90 -69 -55 -59 -55 -63 43 20 0
21 -55 -64 -59 -83 -73 -58 -58 -44 -60 33 21 0
22 -60 -64 -68 -81 -73 -59 -62 -49 -70 50 22 0
23 -60 -67 -61 -89 -79 -60 -58 -54 -70 34 23 0
24 -62 -73 -65 -79 -84 -53 -57 -48 -67 30 24 0
25 -57 -62 -70 -80 -73 -62 -65 -53 -69 22 25 0
26 -56 -46 -66 -108 -66 -60 -62 -65 -48 31 0 1
27 -59 -47 -68 -110 -61 -60 -53 -60 -49 66 1 1
28 -54 -46 -69 -106 -57 -60 -65 -68 -46 47 2 1
29 -50 -55 -67 -106 -68 -69 -65 -58 -48 42 3 1
30 -51 -39 -67 -107 -62 -65 -46 -52 -50 28 4 1
31 -42 -48 -64 -102 -55 -56 -51 -67 -46 35 5 1
32 -49 -45 -66 -108 -61 -58 -57 -63 -51 72 6 1
33 -47 -53 -70 -110 -64 -53 -55 -55 -49 81 7 1
34 -44 -50 -60 -106 -62 -52 -41 -57 -52 42 8 1
35 -37 -55 -54 -102 -61 -45 -50 -50 -49 30 9 1
36 -27 -54 -57 -99 -65 -52 -37 -62 -62 29 10 1
37 -35 -47 -58 -94 -63 -43 -46 -53 -51 31 11 1
38 -37 -55 -72 -104 -68 -56 -49 -52 -64 43 12 1
39 -39 -52 -58 -98 -70 -44 -51 -47 -65 30 13 1
40 -44 -55 -64 -98 -66 -45 -58 -54 -62 33 14 1
41 -47 -60 -59 -92 -67 -41 -58 -45 -60 35 15 1
42 -43 -57 -61 -92 -72 -44 -56 -50 -63 86 16 1
43 -48 -56 -68 -91 -76 -46 -54 -59 -55 144 17 1
44 -58 -59 -65 -83 -76 -52 -56 -42 -66 40 18 1
45 -58 -59 -57 -85 -69 -45 -51 -47 -58 40 19 1
46 -51 -55 -63 -85 -72 -57 -55 -53 -62 35 20 1
47 -51 -59 -60 -80 -77 -50 -64 -45 -71 46 21 1
48 -50 -61 -64 -90 -77 -52 -59 -50 -74 13 22 1
49 -55 -62 -68 -95 -71 -62 -59 -45 -68 22 23 1
50 -59 -62 -67 -78 -84 -60 -63 -52 -62 16 24 1
51 -67 -63 -61 -87 -75 -60 -61 -54 -65 20 25 1
52 -55 -38 -73 -103 -62 -65 -72 -60 -48 32 0 2
53 -54 -47 -63 -105 -57 -59 -56 -53 -47 19 1 2
54 -54 -36 -67 -105 -59 -61 -57 -63 -41 61 2 2
55 -47 -46 -60 -102 -59 -54 -55 -60 -50 19 3 2
56 -52 -44 -62 -96 -61 -57 -50 -59 -42 30 4 2
57 -52 -43 -61 -100 -56 -62 -54 -61 -40 34 5 2
58 -40 -50 -52 -103 -59 -62 -59 -55 -42 7 6 2
59 -52 -52 -70 -104 -59 -62 -50 -58 -54 83 7 2
60 -43 -50 -66 -107 -64 -50 -42 -55 -48 39 8 2
61 -31 -51 -54 -106 -57 -45 -30 -54 -51 28 9 2
62 -30 -48 -54 -98 -55 -46 -39 -54 -52 31 10 2
63 -37 -50 -61 -99 -70 -56 -46 -53 -56 35 11 2
64 -36 -58 -59 -102 -81 -43 -65 -50 -60 40 12 2
65 -36 -62 -65 -106 -73 -43 -60 -54 -62 34 13 2
66 -44 -53 -54 -97 -67 -41 -46 -66 -55 38 14 2
67 -49 -56 -58 -92 -74 -44 -52 -51 -58 37 15 2
68 -50 -56 -57 -105 -69 -46 -51 -46 -63 33 16 2
69 -43 -59 -54 -100 -70 -49 -55 -52 -60 67 17 2
70 -56 -61 -61 -102 -73 -49 -50 -39 -63 34 18 2
71 -50 -56 -58 -96 -65 -50 -57 -43 -58 41 19 2
72 -50 -55 -62 -82 -74 -56 -58 -49 -64 39 20 2
73 -63 -54 -57 -88 -72 -52 -58 -48 -65 37 21 2
74 -58 -65 -68 -84 -81 -51 -63 -47 -62 30 22 2
75 -51 -64 -59 -90 -71 -56 -62 -53 -62 31 23 2
76 -57 -63 -73 -85 -78 -55 -62 -67 -63 17 24 2
77 -59 -61 -66 -83 -89 -54 -61 -58 -77 39 25 2
78 -46 -35 -66 -104 -63 -64 -49 -63 -43 34 0 3
79 -52 -40 -68 -108 -61 -62 -62 -67 -43 32 1 3
80 -47 -47 -62 -107 -57 -63 -61 -67 -44 32 2 3
81 -55 -47 -66 -103 -53 -56 -52 -62 -41 26 3 3
82 -45 -44 -68 -101 -53 -55 -52 -62 -43 32 4 3
83 -43 -47 -63 -102 -61 -60 -44 -70 -46 36 5 3
84 -47 -46 -60 -104 -52 -53 -49 -62 -48 27 6 3
85 -44 -46 -61 -99 -60 -56 -49 -60 -56 31 7 3
86 -39 -44 -68 -103 -60 -66 -45 -67 -46 37 8 3
87 -34 -46 -58 -105 -56 -56 -33 -52 -49 32 9 3
88 -37 -48 -56 -97 -57 -57 -60 -52 -56 33 10 3
89 -35 -48 -55 -93 -74 -48 -42 -60 -48 29 11 3
90 -38 -55 -63 -99 -63 -40 -49 -59 -49 40 12 3
91 -42 -55 -68 -98 -65 -45 -55 -55 -52 38 13 3
92 -36 -56 -53 -100 -63 -41 -50 -46 -61 38 14 3
93 -44 -56 -63 -100 -64 -39 -49 -48 -64 40 15 3
94 -47 -51 -56 -88 -66 -46 -56 -46 -58 39 16 3
95 -51 -50 -55 -94 -70 -47 -57 -49 -60 38 17 3
96 -49 -59 -55 -90 -74 -71 -54 -45 -64 40 18 3
97 -53 -53 -60 -90 -70 -49 -57 -47 -71 40 19 3
98 -56 -54 -59 -86 -75 -55 -59 -46 -63 40 20 3
99 -53 -57 -64 -86 -79 -62 -56 -52 -59 37 21 3
100 -54 -59 -63 -100 -79 -54 -58 -46 -60 36 22 3
101 -58 -56 -69 -92 -71 -54 -62 -51 -58 33 23 3
102 -59 -59 -69 -77 -80 -63 -65 -60 -58 11 24 3
103 -55 -57 -71 -80 -72 -56 -59 -49 -64 27 25 3
104 -47 -35 -91 -108 -56 -53 -56 -69 -42 44 0 4
105 -54 -40 -69 -107 -67 -63 -68 -56 -34 35 1 4
106 -49 -47 -63 -108 -71 -62 -49 -73 -8 53 2 4
107 -49 -35 -64 -109 -64 -57 -52 -53 -42 27 3 4
108 -47 -38 -61 -106 -56 -52 -53 -56 -45 37 4 4
109 -50 -42 -66 -103 -68 -56 -48 -64 -48 39 5 4
110 -46 -49 -68 -103 -60 -54 -51 -59 -52 30 6 4
111 -44 -49 -58 -107 -76 -50 -55 -57 -58 29 7 4
112 -45 -51 -63 -107 -57 -48 -51 -57 -52 31 8 4
113 -43 -49 -59 -95 -58 -66 -53 -51 -62 32 9 4
114 -36 -49 -58 -104 -61 -43 -43 -51 -56 33 10 4
115 -34 -54 -56 -90 -64 -48 -51 -50 -57 33 11 4
116 -46 -54 -59 -106 -65 -47 -63 -50 -54 38 12 4
117 -35 -63 -61 -109 -70 -44 -50 -49 -51 38 13 4
118 -50 -56 -59 -101 -67 -43 -45 -43 -64 40 14 4
119 -45 -55 -56 -86 -78 -41 -59 -42 -55 44 15 4
120 -43 -54 -58 -85 -64 -44 -51 -43 -63 43 16 4
121 -44 -53 -57 -80 -68 -47 -56 -39 -63 40 17 4
122 -46 -57 -64 -87 -69 -44 -53 -39 -64 41 18 4
123 -43 -61 -53 -86 -72 -48 -62 -39 -58 39 19 4
124 -50 -62 -63 -79 -73 -51 -55 -46 -63 41 20 4
125 -52 -62 -58 -81 -77 -51 -56 -43 -57 41 21 4
126 -52 -67 -64 -87 -71 -61 -70 -47 -65 63 22 4
127 -58 -61 -67 -88 -80 -54 -65 -51 -68 21 23 4
128 -56 -64 -70 -75 -86 -70 -61 -49 -77 37 24 4
129 -58 -65 -66 -74 -81 -57 -66 -55 -69 37 25 4
130 -48 -37 -65 -110 -61 -60 -50 -54 -49 61 0 5
131 -50 -33 -71 -108 -63 -54 -57 -60 -47 43 1 5
132 -50 -35 -69 -110 -56 -59 -50 -58 -43 40 2 5
133 -47 -44 -69 -109 -63 -54 -61 -69 -47 37 3 5
134 -49 -36 -74 -109 -63 -55 -56 -56 -38 42 4 5
135 -45 -44 -62 -108 -54 -54 -52 -55 -58 43 5 5
136 -41 -55 -62 -110 -63 -54 -61 -61 -50 31 6 5
137 -43 -43 -66 -108 -70 -56 -48 -49 -54 31 7 5
138 -37 -48 -60 -109 -55 -48 -59 -59 -56 29 8 5
139 -45 -54 -56 -89 -62 -52 -45 -57 -55 29 9 5
140 -36 -52 -55 -83 -66 -48 -51 -56 -52 32 10 5
141 -43 -49 -63 -97 -65 -49 -50 -52 -54 37 11 5
142 -39 -45 -57 -101 -67 -54 -42 -55 -59 40 12 5
143 -41 -55 -61 -102 -75 -52 -45 -50 -55 34 13 5
144 -49 -55 -59 -94 -65 -48 -43 -48 -57 39 14 5
145 -54 -52 -60 -87 -66 -37 -51 -47 -64 59 15 5
146 -46 -62 -57 -79 -79 -47 -62 -42 -59 55 16 5
147 -50 -57 -50 -86 -71 -54 -59 -44 -52 45 17 5
148 -46 -61 -58 -89 -77 -47 -51 -36 -63 36 18 5
149 -52 -58 -57 -85 -68 -54 -63 -42 -59 40 19 5
150 -53 -61 -56 -87 -77 -50 -61 -49 -57 38 20 5
151 -47 -61 -60 -87 -75 -55 -61 -45 -60 33 21 5
152 -53 -66 -68 -93 -79 -58 -59 -48 -55 33 22 5
153 -55 -64 -70 -90 -81 -58 -61 -43 -53 32 23 5
154 -59 -65 -67 -77 -76 -64 -62 -56 -57 33 24 5
155 -56 -69 -66 -87 -80 -54 -60 -54 -54 53 25 5
156 -56 -35 -68 -107 -51 -58 -57 -60 -49 69 0 6
157 -53 -30 -81 -109 -62 -59 -63 -64 -54 43 1 6
158 -56 -39 -71 -110 -56 -57 -63 -63 -40 67 2 6
159 -51 -43 -66 -110 -64 -59 -52 -62 -50 54 3 6
160 -53 -49 -68 -104 -61 -67 -52 -64 -52 44 4 6
161 -51 -46 -73 -108 -59 -59 -66 -58 -44 51 5 6
162 -46 -49 -63 -107 -61 -52 -55 -57 -45 32 6 6
163 -44 -48 -71 -110 -56 -51 -48 -60 -46 40 7 6
164 -48 -48 -58 -110 -72 -53 -45 -57 -53 35 8 6
165 -43 -47 -60 -110 -61 -49 -50 -57 -52 30 9 6
166 -43 -52 -56 -110 -68 -51 -47 -57 -61 33 10 6
167 -42 -47 -55 -100 -65 -47 -43 -51 -49 44 11 6
168 -53 -61 -52 -82 -82 -45 -53 -47 -63 68 16 6
169 -47 -58 -46 -85 -73 -45 -52 -43 -70 57 17 6
170 -55 -66 -64 -93 -81 -50 -53 -56 -69 75 20 6
171 -48 -62 -65 -88 -80 -51 -60 -41 -67 33 21 6
172 -60 -66 -66 -72 -82 -66 -66 -59 -69 77 25 6
173 -52 -41 -89 -110 -66 -60 -63 -68 -59 64 0 7
174 -50 -36 -94 -110 -56 -67 -71 -65 -47 51 1 7
175 -52 -37 -75 -109 -57 -65 -62 -71 -47 32 2 7
176 -49 -45 -68 -110 -57 -60 -62 -59 -51 37 3 7
177 -55 -43 -65 -107 -58 -63 -60 -62 -53 44 4 7
178 -49 -44 -61 -108 -51 -51 -52 -54 -53 50 5 7
179 -46 -44 -64 -108 -56 -62 -49 -67 -53 31 6 7
180 -46 -48 -62 -108 -65 -53 -50 -60 -47 32 7 7
181 -48 -44 -60 -109 -64 -60 -48 -61 -54 31 8 7
182 -45 -48 -66 -110 -69 -51 -47 -59 -50 35 9 7
183 -44 -56 -61 -84 -67 -55 -51 -55 -55 34 10 7
184 -44 -46 -54 -76 -79 -60 -54 -67 -56 16 11 7
185 -62 -66 -48 -79 -72 -47 -57 -55 -63 54 16 7
186 -52 -64 -46 -82 -75 -55 -53 -52 -65 54 17 7
187 -57 -65 -68 -85 -79 -56 -63 -43 -68 52 20 7
188 -53 -68 -61 -87 -75 -57 -63 -50 -64 42 21 7
189 -66 -68 -68 -68 -88 -60 -65 -60 -78 73 25 7
190 -51 -30 -66 -105 -51 -58 -55 -66 -47 46 0 8
191 -55 -28 -93 -110 -48 -61 -62 -65 -43 42 1 8
192 -50 -37 -72 -109 -56 -57 -65 -63 -50 29 2 8
193 -58 -42 -71 -107 -59 -56 -58 -60 -50 24 3 8
194 -52 -40 -88 -108 -56 -59 -64 -60 -50 34 4 8
195 -45 -40 -96 -109 -48 -49 -56 -60 -50 33 5 8
196 -43 -50 -78 -109 -67 -58 -50 -61 -50 25 6 8
197 -45 -48 -71 -108 -71 -49 -51 -53 -55 30 7 8
198 -45 -58 -65 -103 -62 -55 -50 -70 -55 25 8 8
199 -46 -49 -59 -97 -64 -53 -48 -69 -51 33 9 8
200 -46 -51 -58 -102 -70 -55 -48 -59 -64 46 10 8
201 -35 -54 -49 -75 -64 -56 -46 -65 -53 37 11 8
202 -55 -65 -51 -78 -73 -53 -56 -44 -70 42 16 8
203 -50 -62 -44 -75 -74 -66 -57 -51 -68 44 17 8
204 -57 -73 -50 -76 -88 -57 -62 -53 -69 89 20 8
205 -58 -75 -55 -71 -86 -61 -63 -50 -68 47 21 8
206 -69 -75 -56 -64 -85 -71 -74 -65 -77 43 25 8
207 -53 -48 -65 -104 -50 -59 -58 -63 -50 27 5 9
208 -56 -40 -83 -107 -50 -64 -59 -71 -61 63 0 10
209 -60 -28 -85 -108 -45 -59 -63 -70 -51 41 1 10
210 -54 -38 -95 -110 -51 -58 -55 -72 -51 39 2 10
211 -55 -46 -80 -109 -42 -64 -60 -69 -54 34 3 10
212 -48 -42 -81 -108 -52 -66 -56 -66 -51 27 4 10
213 -59 -49 -80 -109 -51 -56 -64 -63 -50 30 5 10
214 -55 -41 -73 -109 -43 -65 -66 -75 -55 46 0 11
215 -57 -39 -85 -109 -44 -66 -62 -63 -52 37 1 11
216 -61 -40 -109 -110 -53 -58 -76 -65 -63 33 2 11
217 -54 -37 -74 -109 -41 -62 -66 -69 -56 24 3 11
218 -60 -53 -83 -109 -52 -63 -59 -60 -52 21 4 11
219 -56 -42 -91 -109 -51 -64 -59 -65 -52 25 5 11
220 -56 -41 -71 -105 -47 -59 -63 -75 -53 40 0 12
221 -55 -52 -81 -109 -47 -72 -63 -67 -49 43 1 12
222 -58 -41 -96 -110 -34 -69 -59 -65 -56 27 2 12
223 -56 -47 -79 -110 -27 -65 -59 -72 -55 27 3 12
224 -57 -43 -76 -110 -40 -62 -63 -77 -55 15 4 12
225 -60 -50 -84 -110 -45 -73 -61 -71 -60 27 5 12
226 -58 -41 -77 -110 -45 -65 -61 -64 -53 40 0 13
227 -51 -41 -74 -104 -55 -65 -62 -74 -58 51 1 13
228 -56 -43 -75 -110 -42 -64 -63 -62 -59 41 2 13
229 -52 -46 -82 -110 -40 -68 -65 -65 -51 20 3 13
230 -59 -48 -77 -110 -41 -68 -65 -66 -53 21 4 13
231 -57 -46 -75 -110 -48 -66 -73 -70 -52 32 5 13
232 -60 -52 -73 -109 -47 -62 -73 -66 -58 32 0 14
233 -58 -43 -80 -110 -48 -57 -74 -63 -56 42 1 14
234 -54 -48 -92 -110 -52 -61 -61 -63 -53 39 2 14
235 -59 -46 -88 -107 -38 -62 -65 -67 -52 24 3 14
236 -60 -46 -76 -110 -50 -63 -65 -75 -61 25 4 14
237 -56 -52 -86 -110 -51 -69 -64 -66 -55 27 5 14
238 -59 -51 -72 -106 -41 -59 -55 -65 -53 16 0 15
239 -55 -47 -79 -103 -52 -68 -61 -66 -64 27 1 15
240 -56 -51 -80 -107 -42 -64 -62 -73 -52 28 2 15
241 -53 -44 -89 -109 -48 -62 -68 -79 -52 38 3 15
242 -59 -53 -81 -108 -47 -63 -61 -71 -56 39 4 15
243 -62 -52 -76 -107 -54 -66 -61 -61 -61 32 5 15
